moduloCruz = 1.414214
moduloCruz = 1.414214
