c = 9.000000
b = -1.000000
a = 10.000000

